1111111111111. a 161 ·

,111 111 1111 111111111111111 1111111111111111 11111. 31 11111
1111111 (111111 11111 11111111, 11111111111111 11111111111111111
,11111 11111111 11111 111 1111111111 1111111111111, 11 11111111 111·
111111 11 1111111 1111111 111111 1111111111 111 1111111111
111111 111111 1111111111 111 111 1111 1111111111 1111111111 111111
11111111 1111111 1111111 111 21111111 111 1111 1111111111 hirtam
11111, 11111 111 1111111111 1111111 11111111 1111 1111111 21111111
11111111 11111, mit 11111111111111111111 111 1111111111 ‘lile
1111 11111111, 111. steine-&tufo 111111. 111 1111111111 11
iiiiiinissii‘iniss‘iie “miiaiinrssiniingiiinguiirigf
11111 f ,1111111111 1111111111, 111 1111111111111111111 [rnen
11111’1111111111111111111

1111 1111111111θ111 11111111 111 111111111111111 1111111 .

eadem ‚de 1111111111 1111111111 1111111111 11111111,- 1111111111

111111 1111 ,11111111111111111 ltaque 11 1111 111111 (1111111111 111 ’

11111111 item 111 11111 1111111 1111111 111111, 1111111111 11111
mmm? .2i}{10ni'⁹ntum 11 regiis quendem epibue 1111111111-
iure egregie 1111111111. 111115ἶ11111111 1111111111111, nements
1111 111111 11111111 11111111111111111, 111111 1111111111 eru
1111111111 1111111111 1111111 111, 1111 11111 111111Θ11111 111111

111Ι 1111111111. 1111111 111111111111111111111111, 1111111 11· 1111 ’

’11111 1111111111 1111 311111 11 1111111 11111111111, 1111111111
111111 11111111. 1111 11 1111111111 11 11 1111111111111
11111111 111 111 1111111111 111111. ’11111 111 111 1111111111
1111111111 111. merge 11111 1111111111 111111111111 11111,
11111111 11111111 1111 11111111 11111, 1111 11111 111 1111 1111
111111111111. 91131111111111111111111111111111 111 111
1111111111. 111 1111111111 1111111111) 111 1111111111 111
111111 111 1111111 1111111 111 1111111111 111111 111 111111 11111
1111111111111 11111111 111111, 1111 1111111111111111111111
1111111111 1111 11111111 111111 &iege 1111111111 11111111
111 1111111111 111 11111161111111111111 11111 1111111 11111
111111 1111111 111 1111111111 11111111111111111. vetum 11111
maxima manu innumerabilis Armeniorum copiae fudit, 11111111
urbem amicissimam Cyzicenorum ex omni 1111111111 ,regie ee '
1111111 belli ore ec faucibus· ereptam esse etque 1111111111,
berum eum interfectis ducibus depressa huetium 11111111 11
incredibilis apud Tenedum pugne ille navalis. 1111111111.

· 1111111 111 11111 11111111 11111111 11111111 111 [11111111 1111

’11111111 111 11111 1111111111 fn 11111 11111 1111111 aperuit L. ·
Luculle imperante Pontum 11 regiis quendam 11111111 111111

 

